study   image   prob_plax_far   prob_plax_plax  prob_plax_laz   prob_psax_az    prob_psax_mv    prob_psax_pap   prob_a2c_lvocc_s        prob_a2c_laocc  prob_a2c        prob_a3c_lvocc_s        prob_a3c_lao\
cc  prob_a3c        prob_a4c_lvocc_s        prob_a4c_laocc  prob_a4c        prob_a5c        prob_other      prob_rvinf      prob_psax_avz   prob_suprasternal       prob_subcostal  prob_plax_lac   prob_psa\
x_apex\
/home/ubuntu/data/129694        a_2VWSDIJ0.dcm  0.0     0.0     0.0     0.0     0.0     0.0     0.0     0.0     0.0     0.0     0.0     0.0     0.0     0.0     0.0     0.0     1.0     0.0     0.0     0.0\
     0.0     0.0     0.0\
/home/ubuntu/data/129694        a_2VWSDINB.dcm  0.0     0.0     0.0     0.0     0.0     0.0     0.0     0.0     0.0     0.0     0.0     0.0     0.0     0.0     0.0     0.0     1.0     0.0     0.0     0.0\
     0.0     0.0     0.0\
/home/ubuntu/data/129694        a_2VWSDIXZ.dcm  0.0037999991    0.00020000001   0.0009  0.0015  0.042299997     0.3212  0.0     0.000100000005  0.0     0.0     0.00090000004   0.0     0.0006  0.00040000002   0.0     0.0     0.4942  0.0029000002    0.026899999     0.0154  0.055399995     0.0154  0.017199999\
/home/ubuntu/data/129694        a_2VWSDHE7.dcm  0.015200001     0.40430003      0.0196  0.0052  0.0014000001    0.0023  0.0     0.00020000001   0.0     0.0     0.0     0.0003  0.0     0.0     0.00040000002   0.0     0.5173  0.00090000004   0.0006  0.0003  0.0019000001    0.0285  0.0006\
/home/ubuntu/data/129694        a_2VWSDII9.dcm  0.0     0.0     0.20179999      0.0     0.0     0.0     0.0     0.0     0.0     0.0     0.0     0.0     0.0     0.0     0.0     0.0003  0.3522  0.0     0.44489998      0.0     0.0     0.0003  0.0\
/home/ubuntu/data/129694        a_2VWSEGHH.dcm  0.0     0.0     0.0     0.0     0.0     0.0     0.0     0.0     0.0     0.0     0.0     0.0     0.0     0.0     0.0     0.0     1.0     0.0     0.0     0.0\
     0.0     0.0     0.0\
/home/ubuntu/data/129694        a_2VWSEFV1.dcm  0.000100000005  0.0     0.00070000003   0.0     0.000100000005  0.0     0.0     0.00020000001   0.0003  0.0     0.00040000002   0.000100000005  0.0031  0.001   0.012200001     0.9368001       0.042099997     0.000100000005  0.00020000001   0.0009  0.000100000005  0.00070000003   0.000100000005\
/home/ubuntu/data/129694        a_2VWSDHD2.dcm  0.0084  0.61469996      0.011099999     0.0006  0.00080000004   0.0018  0.0     0.00020000001   0.0     0.0     0.0     0.00020000001   0.0     0.0     0.0003  0.0     0.31289998      0.00040000002   0.000100000005  0.0003  0.0021000002    0.0447  0.0005\
/home/ubuntu/data/129694        a_2VWSDIOC.dcm  0.00020000001   0.0     0.001   0.32389998      0.0033  0.0013  0.0     0.00020000001   0.0     0.0     0.000100000005  0.0     0.0     0.0     0.0     0.0\
     0.5094  0.0019000001    0.14940001      0.0036999998    0.0012  0.0025  0.0005\
/home/ubuntu/data/129694        a_2VWSEFRQ.dcm  0.0     0.0     0.0     0.0     0.0     0.0     0.0     0.0     0.0     0.0     0.0     0.0     0.0     0.99990004      0.0     0.0     0.000100000005  0.0\
     0.0     0.0     0.0     0.0     0.0\
/home/ubuntu/data/129694        a_2VWSEGOD.dcm  0.0     0.0     0.0     0.0     0.0     0.0     0.0     0.00020000001   0.0     0.00090000004   0.9216999       0.0     0.0     0.000100000005  0.0     0.0\
     0.0761  0.0     0.0     0.0     0.0     0.0003  0.0\
/home/ubuntu/data/129694        a_2VWSEG59.dcm  0.0     0.0     0.0     0.0     0.0     0.0     0.0     0.0     0.0     0.0     0.0003  0.9994  0.0     0.0     0.0     0.0     0.0     0.0     0.0     0.0\
     0.0     0.0     0.0\
/home/ubuntu/data/129694        a_2VWSDJKE.dcm  0.0     0.0     0.0     0.0     0.0     0.0     0.0     0.0     0.0011  0.0     0.0     0.0     0.0021  0.0052  0.97279996      0.0015  0.0169  0.0     0.0\
     0.0     0.0     0.0     0.0\
/home/ubuntu/data/129694        a_2VWSEFAI.dcm  0.0     0.0     0.0     0.0     0.0     0.0     0.0     0.0     0.0     0.0     0.0     0.0     0.0     0.0     0.0     0.0     1.0     0.0     0.0     0.0\
     0.0     0.0     0.0\
/home/ubuntu/data/129694        a_2VWSEGLI.dcm  0.0     0.0     0.0     0.0     0.0     0.0     0.0     0.83649987      0.0     0.0     0.15900001      0.0     0.0     0.0022000002    0.0     0.0     0.0014000001    0.0     0.0     0.0     0.0     0.0003  0.0\
/home/ubuntu/data/129694        a_2VWSEF6O.dcm  0.0     0.0     0.0     0.0     0.0     0.0     0.0     0.0     0.0     0.0     0.0     0.0     0.0     0.0     0.0     0.0     1.0     0.0     0.0     0.0\
     0.0     0.0     0.0\
/home/ubuntu/data/129694        a_2VWSDHUD.dcm  0.014699998     0.42279997      0.016399998     0.0019000001    0.00040000002   0.00080000004   0.0     0.000100000005  0.000100000005  0.0     0.000100000005  0.00080000004   0.0     0.0     0.0003  0.0     0.5053  0.0009999999    0.0005  0.0003  0.0018000001    0.031200001     0.00020000001\
/home/ubuntu/data/129694        a_2VWSDJB9.dcm  0.028800001     0.00020000001   0.00020000001   0.000100000005  0.00090000004   0.044   0.0     0.000100000005  0.0     0.0     0.0     0.0     0.0     0.0\
     0.0     0.0     0.7659999       0.0028000004    0.0372  0.0162  0.083399996     0.0165  0.0024\
/home/ubuntu/data/129694        a_2VWSEHAO.dcm  0.001   0.0     0.000100000005  0.0005  0.0     0.00040000002   0.0     0.022   0.0     0.0     0.0036000002    0.0     0.000100000005  0.0003  0.0     0.0\
     0.24529998      0.0003  0.005   0.7151  0.0003  0.0048  0.0003\
/home/ubuntu/data/129694        a_2VWSEGQP.dcm  0.0     0.0     0.0     0.0     0.0     0.0     0.0     0.0     0.0     0.0     0.0     0.0     0.0     0.0     0.0     0.0     0.0063  0.0     0.0     0.0\
     0.9937  0.0     0.0\
/home/ubuntu/data/129694        a_2VWSEG2W.dcm  0.0     0.0     0.0     0.0     0.0     0.0     0.0     0.0     0.0     0.0     0.0     0.0     0.0     0.0     0.0     0.0     1.0     0.0     0.0     0.0\
     0.0     0.0     0.0\
/home/ubuntu/data/129694        a_2VWSDIML.dcm  0.022999998     0.0006  0.0033  0.0     0.0007000001    0.001   0.0     0.000100000005  0.0     0.0     0.0005  0.0     0.0     0.0     0.0     0.0     0.81830007      0.0006  0.026299998     0.1026  0.0122  0.0093  0.00020000001\
/home/ubuntu/data/129694        a_2VWSDHBW.dcm  0.0     0.0     0.0     0.0     0.0     0.0     0.0     0.0     0.0     0.0     0.0     0.0     0.0     0.0     0.0     0.0     1.0     0.0     0.0     0.0\
     0.0     0.0     0.0\
/home/ubuntu/data/129694        a_2VWSEG1Y.dcm  0.0     0.0     0.0     0.0     0.0     0.0     0.0     0.00090000004   0.95219994      0.0     0.0007000001    0.0453  0.0     0.0     0.0     0.0     0.00080000004   0.0     0.0     0.0     0.0     0.0     0.0\
/home/ubuntu/data/129694        a_2VWSEGTY.dcm  0.000100000005  0.0     0.0     0.0     0.0     0.0     0.0     0.0     0.0     0.0     0.0     0.0     0.0     0.0     0.0     0.0     0.080800004     0.0\
     0.0     0.0013  0.9172999       0.000100000005  0.0\
/home/ubuntu/data/129694        a_2VWSEGRT.dcm  0.0     0.0     0.0     0.0     0.0     0.0     0.0     0.0     0.0     0.0     0.0     0.0     0.0     0.0     0.0     0.0     1.0     0.0     0.0     0.0\
     0.0     0.0     0.0\
/home/ubuntu/data/129694        a_2VWSDITM.dcm  0.038799997     0.0095999995    0.00040000002   0.0     0.41010004      0.2985  0.0     0.0     0.0     0.0     0.00070000003   0.0     0.0     0.0     0.0\
     0.0     0.1403  0.000100000005  0.00070000003   0.0     0.0068000006    0.026700001     0.0667\
/home/ubuntu/data/129694        a_2VWSDHBC.dcm  0.0049  0.33689997      0.0154  0.0022  0.0042  0.0049999994    0.0     0.0     0.0     0.0     0.0005  0.00020000001   0.000100000005  0.0     0.00020000001   0.000100000005  0.5921  0.00090000004   0.0025000002    0.0007000001    0.0050999997    0.026899999     0.00040000002